90
5
1000000000000000000 1 1000000000000000000 1 1000000000000000000
6
1000000000000000000 1 1000000000000000000 1 1000000000000000000 1
1
1000000000000000000
3
1000000000000000000 1 1000000000000000000
3
1000000000000000000 2 1000000000000000000
1
778861978553682372
9
540630220721618945 396997362777499650 3895432567407840 872111195642900630 1 658067724331995096 408110259251076528 765104182166237050 1
7
813317490574991154 1 1 1 306308022357810178 663915578004090250 1
2
1 555248981231715136
4
729441398230021690 1 1 599853374607196161
2
642619207692425252 1
4
444502830994927122 1 998392938210000897 382587919726800228
7
1 113065366556833604 950043624272822273 1 1 1 268802885966280242
4
1 669198744706771186 1 252080491983622508
10
545810179078750209 985533459905494626 1 1 729345885228641936 961251498928153738 1 1 972402688030969674 1
6
817901009432066434 805047352819908642 1 694717694518970776 31647234445984514 224175567749775361
2
246088062559690354 188812558532526562
9
754223978753188668 197558352719642625 203798803588841473 857543861628704308 925900050084277880 667738041193332737 904659027492218858 1 1
10
88646500624493378 1 990588418011168769 1 838184367263842305 751423835999759050 447303164862250370 383546257809342465 64829721122063666 823884138526539777
5
115623480492294145 1 239670623683215361 248825244054978561 266778527627547034
7
765212788492075009 1 1 95805458703450113 620266192707518465 1 615900234391748609
5
1 769470429264928706 483985105591992321 872550683284963970 41875599498470386
2
14979464137074528 270215977642229761
7
1 217932100127087042 673016280295145473 750315096846759898 5398491269838450 1 332261958806667265
4
996431136423190322 595430424059314177 400138814485199878 728067829299563874
2
887709263365150562 1
3
586232811227185153 1 218388694343477752
4
704719017122403492 1 1 765819714130685762
7
1 772772437687388058 923684505439979386 124289340459313264 246862356922622018 2077992563769345 541520571287271930
5
941394774794840332 265957798503819086 1 167741219342698962 370883750589799554
6
1 1 249151370998317057 1 913970339404135554 93481460669521650
4
583713468651143169 106815760638285906 395954391053587650 1
10
313121971189308146 1 988011660000815394 677359530512357562 923844683407975042 140028368274587649 1 886378778794349946 1 1
7
87427628839452454 1 1 128119928109695362 888863400808677377 1 514003365060241342
2
141834214964605978 1
7
1 493330824832488402 811356585074452878 737063432256482254 906505149289070593 520741329658707969 65525734566555928
10
927942405962072065 386026975790994018 939169784324423681 40399989907914753 1 880899420620650382 76594016492824450 529545194509411742 650503292733620225 873299179548966913
7
854619109104276712 983420517761434370 274224522835202362 1 429242975166055234 387773084958718264 849779713860682474
10
1 1 228139760618045441 943785765736284161 405373106835685377 510159266662055937 793086186286567460 414426848012207526 913263537177065922 242669488836066786
7
194782987316699350 1 455948716963323450 660656661344863178 141331520524864658 1 271175329562503602
3
719187961509763586 462992014225507424 1
5
1 39250477030633198 1 1 1
7
112516280125751297 110409172143570945 1 320276360671339794 609298231437402222 407526737903616001 1
3
108483106239142178 950715823694706034 837206458801731754
7
613229149464297473 226450970700709378 439480888215470081 1 894097869142210978 919006230727725724 827647369260812570
5
1 649423836083420914 532106835732555290 1 934599329097222786
6
949997903537515500 528850130609311610 221986200993492458 1 238486600457561790 316535199263643114
10
621814718082008806 751023013593612289 1 170176064097391898 323668490241207972 596066395341589192 735462148169351034 597030547328335873 888871829435659650 1
4
206004192315703297 979040196882573914 205260280762420116 676887426991915009
3
1 1 959139548464676865
2
855605977323923892 41360497727504385
5
1 1 746448147760707754 41858440660298874 729784022357770241
1
803572860352127202
7
443171177142419457 72782496216094200 1 1 1 122251688576612770 1
3
366733713083249578 782665847544500106 171541168574169089
7
464020074668644050 893929023861468402 440923405896502706 828953806740190498 1 703774329375775570 852461953760624641
4
165367486805591690 773467301171953665 908309658330570826 1
10
1 1 931563035009000762 828412308340080641 379175064920391681 819795009616827426 349158231015110098 413252475781435418 459418171376096514 1
5
532807054250737665 537110446456176641 48443007809125998 315027343962690428 889252993162018817
2
284514412671814200 277754974490836674
2
1 18296958155804596
2
522028501193478162 639305029789679617
5
929758202335592449 469072556480289794 1 224927340985843713 1
2
1 910906543777416056
2
697999022064664577 1
10
520710932760079298 380853848488318162 121275870174331042 1 506510266247675905 955635817223815169 901991507453382574 1 331884074204397569 332261958806667265
7
260491126279092670 662548261823654610 684692857791466366 713497091476799458 707339734779428865 1 820301180075521010
8
527631548797170402 4871412615159194 567478881178860682 497953972812775425 416309164228266186 1 757889686948265602 850895795430716818
2
380507757425983489 750434775349823770
2
768228671376766502 445891956334859338
8
986979467504648193 1 273474920360181761 140483595328815105 1 596468701140170202 1 1
10
686561205170995201 370387884326905922 1 75871272926589586 524029853138157569 411455735773002802 226925593977233882 345504471293785314 972767161615108946 267801122930857886
7
135935956929264224 375274050513831182 139555725540243986 775430487190858604 1 261593141044794252 578937555059057754
6
704982603701157889 1 205849433828340490 616415057207294164 145420909424954338 424819905840816056
2
340954547768284062 914700965789040641
4
99495420566031114 1 713503900116391634 628338143669780481
2
514548779768172448 662562850217254248
2
871180918265411458 813509912027888478
2
1 665334387029311489
2
419634859523238490 471931205769232954
1
75114089654951066
9
673016280295145473 1 567654435772432385 394042309012288308 906332075332982234 892663678231379969 73676856387418162 1 131594701772685313
6
873252656463216641 1 990943322447995404 1 1 516014894408007681
5
643637936722165890 946777759621747728 1 1 971846127110848513
10
305418897118426626 146561104731824402 1 601718292184353522 968401092049895425 927699474963776234 287342021060225930 1 462010977062812364 780071366724891952
2
297437691208142714 321447195363678420
1
1
9
88286083161452546 857801338574109682 89758038698229761 560795132154955816 32064604150693889 509099767174971818 1 274276609914855554 1
1
468781361267212289
2
1 725650621061249458