90
8
6002 7953 8450 9382 2578 3804 1 3633
2
8017 7282
7
1873 5985 3105 1 5537 7602 3265
6
8417 4257 5626 1 1 2113
2
7569 1777
1
3217
4
5153 897 5958 4177
2
1610 1
7
3473 8769 626 3377 8042 7473 2180
5
9042 2737 2522 4310 4194
7
1522 722 8104 3809 3105 657 3537
1
3442
5
8482 177 2129 626 2417
2
8642 2225
10
50 7170 1362 6210 7462 6049 449 2673 8400 1
3
5626 1953 3126
4
8842 1 8769 1
1
1876
5
626 8126 3600 8170 1
5
6625 130 8210 1 2129
2
6497 1442
2
8482 8737
10
6032 4162 3873 5626 2257 1370 7617 4977 1 4314
7
8577 8769 9810 1 3873 385 5345
7
4225 1252 913 5282 3889 273 3682
2
9842 6002
9
4177 9376 8514 7297 626 497 5442 1 625
7
1 9324 1 2257 1788 5614 1
9
1876 9745 2322 4122 8126 865 1876 897 3762
7
1745 1 6977 6625 8602 4402 626
7
1985 5905 8497 4737 817 8737 5626
7
9537 4732 626 7185 4305 5377 7617
5
8250 626 322 6370 6065
5
626 9164 4737 1 9292
9
2113 5626 1 3985 3690 2 626 4402 1602
1
7697
2
9250 97
4
1 7297 5718 1
7
1 2033 8465 9297 1 2240 9762
7
6417 626 9790 4017 2162 1 6177
9
8177 1 5922 3825 3217 5280 9312 529 8177
2
3402 626
7
1330 2322 6977 9329 3985 5377 7377
8
9004 1 6082 6033 6870 3770 7393 626
8
6322 4834 7777 4202 1 977 3282 1
2
6512 2002
7
1968 3974 82 4145 1 6577 8642
6
524 7408 7009 3457 8929 2504
7
1 1 722 6529 1537 337 6450
7
4808 9585 1970 6977 1274 5626 6440
2
1 4833
7
8654 8122 1 3126 1 408 1169
4
5153 9249 2850 8162
2
1777 8225
7
945 4882 1489 9873 5713 2850 724
2
1682 2065
8
3842 9122 3873 4657 8808 5905 394 1809
5
4353 5402 1 962 6705
6
3377 7888 5617 2065 1937 1400
9
4177 5857 5720 1650 5044 7522 4657 626 8529
10
626 8126 1 8828 625 9857 5025 5568 3585 6162
6
5410 626 9738 8002 4545 6402
4
1 1 9585 8482
7
626 6842 2308 1290 1 1 626
7
2 865 4288 8225 2928 6097 5626
1
7377
2
1442 626
2
1 3569
4
82 2577 1825 3352
9
8737 3682 1 1073 1 7905 7762 8322 3202
2
8993 6833
6
1682 626 1537 922 242 6737
5
8908 402 1 9508 626
3
322 5202 2657
5
8930 626 9473 3969 6144
7
5857 7882 5617 4977 1 6033 7825
2
8126 1
1
3713
6
4418 6010 8126 3842 808 6850
10
7297 4750 8810 1130 7665 5425 6177 7217 3505 3265
6
7602 3352 650 626 3202 372
2
3126 7777
6
1876 4064 3265 8977 7370 8126
6
4376 5185 3617 8833 7122 5626
3
1 626 6225
1
7278
1
3442
3
2577 534 7690
2
2712 1
5
9825 2433 1 1 337